% -------------------------------------------------------------------
%  Generated by MATLAB on 22-Oct-2025 14:42:08
%  MATLAB version: 25.1.0.3040723 (R2025a) Update 1
% -------------------------------------------------------------------
                                        

Ts = 5E-5;

Var = struct;
Var.Gain = 5;
Var.Offset = 3;

bessVoltage = 1500;

gflInverter = struct;
gflInverter.activeDroop = 2;
gflInverter.reactiveDroop = 1;
gflInverter.ratedPower = 2.2E+6;
gflInverter.baseImpedance = 0.2164;
gflInverter.filterInductance = 0.00026526;
gflInverter.iMaxPU = 1.2;
gflInverter.sensorDelay = 0.001;
gflInverter.kpId = 2;
gflInverter.kiId = 200;
gflInverter.frequency = 60;
gflInverter.ratedVoltage = 690;

transformer = struct;
transformer.powerRating = 1000;
transformer.primaryRMSVoltage = 1000;
transformer.secondaryRMSVoltage = 13800;
transformer.PrimaryResistancePU = 0.02976;
transformer.SecondaryResistancePU = 0.01984;
transformer.PrimaryReactancePU = 0.07662;
transformer.SecondaryReactancePU = 0.11493;
transformer.ZeroSequenceReactancePU = 0.084282;

bessSystem.plantRating = 2000;%2200;
bessSystem.frequency = 50;
bessSystem.Vdc = 1500;
bessSystem.filterInductance = 1e-5;
bessSystem.filterResistance = 1e-3;
bessSystem.switchingFrequency = 20;
bessSystem.converterEfficiency = 100;
bessSystem.iMaxPU = 1.2;
bessSystem.minSOC = 0.1;
bessSystem.maxSOC = 0.95;
bessSystem.Vac = 690;
