% -------------------------------------------------------------------
%  Generated by MATLAB on 22-Oct-2025 14:23:32
%  MATLAB version: 25.1.0.3040723 (R2025a) Update 1
% -------------------------------------------------------------------
                                          

Ts = 5E-5;

generator = struct;
generator.rating = 1000;%5700;
generator.frequency = 50;
generator.polePairs = 1;
generator.Vac = 690;

machine = struct;
machine.speedReference = 1;
machine.timeConstandGovernor = 0.02;
machine.timeConstantPrimeMover = 0.2;
machine.baseTorque = 18143/5;
machine.initialTorque = 0.2;
machine.loadReference = 1;
machine.droop = 2;
machine.Ra = 0.03/2;
machine.Xl = 0.05/2;
machine.Xd = 1.72/2;
machine.Xq = 0.79/2;
machine.XdTransient = 0.13/2;
machine.XqTransient = 0.17/2;
machine.XdSubTransient = 0.09/2;
machine.XqSubTransient = 0.12/2;
machine.frequency = 50;
machine.tauDAxisTransient = 0.75;
machine.tauDAxisSubTransient = 0.03;
machine.tauQAxisTransient = 0.6;
machine.ratedPower = 1e6;
machine.voltage = 690;
machine.fieldCurrent = 80;
machine.fieldVoltage = 100;
machine.polePairs = 1;
machine.tauQAxisSubTransient = 0.02;

