% -------------------------------------------------------------------
%  Generated by MATLAB on 22-Oct-2025 14:17:59
%  MATLAB version: 25.1.0.3040723 (R2025a) Update 1
% -------------------------------------------------------------------
                                           

PV = struct;
PV.solarCellDiodeSaturationCurrent = 3.15E-7;
PV.solarCellSolarGeneratedCurrentAM = 3.8;
PV.solarCellQualityFactorI = 1.4;
PV.solarCellQualityFactorJ = 2;
PV.solarCellSeriesResistance = 0.0042;
PV.solarCellParallelResistance = 10.1;
PV.solarCellTempCofficient = 0.000805;
PV.solarCellEg = 1.14;
PV.solarCellTemparatureExponentIs1 = 3.38;
PV.solarCellTemparatureExponentIs2 = 3;
PV.solarCellTemparatureExponentRs = 0;
PV.solarCellTemparatureExponentRp = 0;
PV.solarCellMeasurementTemperature = 25;
PV.solarCellDeviceTemperature = 25;
PV.mppDv = 3;
PV.mppTs = 0.001;
PV.mppTd = 0.0005;
PV.panelNSeriesCellPanel = 150;
PV.PanelNParallelStringsPanel = 10;
PV.arrayNseriesPanelsPerString = 100;
PV.arrayNParallelStrings = 2;
PV.kVBaseNew = 690;
PV.MVABaseNew = 4.8E+6;
PV.zBase = 0.9522;
PV.controllerTSensor = 0.0001;
PV.controllerKpIc = 0.01;
PV.controllerKiIc = 0.1;
PV.controllerKd = 0;
PV.controllerMv = -1.06;
PV.controllerVRef = 1.01;
PV.controllerKpv = 0.1;
PV.controllerKiv = 1;
PV.controllerKdv = 0;
PV.controllerVdcBase = 1500;
PV.kpPLL = 10;
PV.kiPLL = 200;
PV.tOn = 0.01;
PV.rating = 4800;
PV.temperatureSTC = 298;
PV.unnamed1 = 45.9;
PV.irradianceSTC = 1000;
PV.Voc = 44.8;
PV.Isc = 8.71;
PV.alpha = 0.005;
PV.beta = -0.005;
PV.panelRating = 300;
PV.Vac = 690;
PV.frequency = 50;
PV.baseVoltage = 690;
PV.baseVoltageDC = 1500;
PV.converterEfficiency = 100;
PV.plantRating = 1000;%4800;
PV.switchingFrequency = 20;

PVInverter = struct;
PVInverter.iMaxPU = 1.2;
PVInverter.efficiency = 100;
PVInverter.Vdc = 1200;
PVInverter.capacitance = 0.04;
PVInverter.filterInductance = 1E-5;
PVInverter.filterResistance = 0.001;

PVTransformer = struct;
PVTransformer.lv = 4160;
PVTransformer.hv = 13800;
PVTransformer.VA = 2.0E+8;
PVTransformer.windingResistance = 0.02;
PVTransformer.windingLekageReactance = 0.04;
PVTransformer.zeroSequenceReactance = 0.1;

Ts = 5E-5;

